18;1;15960;0;-1;-1;0
18;0;20790;0;-1;-2;0
18;1;22990;0;-1;-1;0
18;1;23085;0;-1;-1;0
18;1;23320;1;-1;-2;0
18;1;23750;0;-1;-1;0
18;0;25080;0;-1;-1;0
18;1;25460;0;-1;-1;0
18;1;26180;2;-1;-2;0
18;0;26315;0;-1;-1;0
18;0;28215;0;-1;-1;0
18;1;28500;0;-1;-1;0
18;1;30030;1;-1;-2;0
18;1;30140;0;-1;-2;0
18;1;30400;3;-1;-1;0
18;0;31130;0;-1;-2;0
18;0;31350;4;-1;-1;0
18;0;31920;0;-1;-1;0
18;0;33155;0;-1;-1;0
18;1;33330;0;-1;-2;0
18;1;33770;1;-1;-2;0
18;1;34100;0;-1;-2;0
18;1;35200;1;-1;-2;0
18;0;35625;0;-1;-1;0
18;1;37290;0;-1;-2;0
18;0;37290;1;-1;-2;0
18;0;38665;2;-1;-1;0
18;0;39160;0;-1;-2;0
18;0;40185;0;-1;-1;0
18;0;40260;0;-1;-2;0
18;1;41140;0;-1;-2;0
18;1;43010;0;-1;-2;0
19;1;17480;0;-1;1;0
19;0;17800;0;-1;2;0
19;1;19800;0;-1;2;0
19;1;20300;0;-1;2;0
19;0;20600;0;-1;2;0
19;1;20615;2;-1;1;0
19;1;20900;1;-1;2;0
19;1;21755;0;-1;1;0
19;1;22610;0;-1;1;0
19;0;23400;2;-1;2;0
19;1;24600;1;-1;2;0
19;0;24605;1;-1;1;0
19;1;25175;0;-1;1;0
19;1;25555;0;-1;1;0
19;0;25745;1;-1;1;0
19;1;27600;0;-1;2;0
19;0;28400;1;-1;2;0
19;1;28400;1;-1;2;0
19;1;28700;0;-1;2;0
19;0;28900;0;-1;2;0
19;1;30400;0;-1;2;0
19;0;30495;0;-1;1;0
19;0;31825;1;-1;1;0
19;0;32110;0;-1;1;0
19;1;34100;0;-1;2;0
19;1;34400;0;-1;2;0
19;1;35400;0;-1;2;0
19;1;35530;0;-1;1;0
19;0;37430;0;-1;1;0
19;0;39615;1;-1;1;0
20;1;22000;1;-1;2;0
20;1;27930;0;-1;-1;0
20;0;28975;0;-1;1;0
20;0;29600;0;-1;2;0
20;1;30115;5;-1;-1;0
20;0;30590;0;-1;-1;0
20;0;31460;0;-1;-2;0
20;0;31790;2;-1;-2;0
20;1;32395;1;-1;1;0
20;0;33000;0;-1;-2;0
20;0;33300;0;-1;2;0
20;1;33330;0;-1;-2;0
20;1;40470;0;-1;-1;0
21;0;16815;1;-1;-1;0
21;1;20235;3;-1;-1;0
21;0;21890;2;-1;-2;0
21;1;22300;1;-1;2;0
21;1;23210;0;-1;-2;0
21;1;25745;2;-1;-1;0
21;0;25800;0;-1;2;0
21;0;26400;1;-1;2;0
21;1;27360;0;-1;-1;0
21;1;31100;0;-1;2;0
21;1;31255;0;-1;1;0
21;0;34600;0;-1;2;0
21;0;34870;0;-1;-2;0
21;0;35720;0;-1;1;0
21;1;36850;0;-1;-2;0
21;0;39490;0;-1;-2;0
22;1;19950;3;-1;-1;0
22;0;21280;3;-1;1;0
22;0;23180;0;-1;-1;0
22;1;25175;0;-1;1;0
22;1;26840;0;-1;-2;0
22;0;28050;0;-1;-2;0
22;1;28310;1;-1;1;0
22;1;28880;0;-1;-1;0
22;0;30400;0;-1;-1;0
22;1;31730;0;-1;-1;0
22;1;32110;0;-1;1;0
22;0;34580;2;-1;-1;0
22;1;34800;3;-1;2;0
22;1;39500;0;-1;2;0
22;0;39805;0;-1;-1;0
23;1;23845;0;-1;-1;0
23;1;24510;0;-1;-1;0
23;1;27360;1;-1;1;0
23;0;28120;0;-1;1;0
23;1;32700;3;-1;2;0
23;1;34400;0;-1;2;0
23;0;34960;3;-1;1;0
23;1;35200;1;-1;2;0
23;0;39270;2;-1;-2;0
23;1;41910;0;-1;-2;0
24;0;22600;0;-1;2;0
24;1;23400;0;-1;2;0
24;0;24225;0;-1;1;0
24;0;25270;0;-1;-1;0
24;0;26600;0;-1;-1;0
24;0;27720;0;-1;-2;0
24;1;29300;0;-1;2;0
24;0;29925;0;-1;1;0
24;0;30210;3;-1;1;0
24;1;32010;0;-1;-2;0
24;0;33990;0;-1;-2;0
24;1;35860;0;-1;-2;0
25;0;20800;1;-1;2;0
25;0;22515;1;-1;1;0
25;0;24300;3;-1;2;0
25;1;25740;0;-1;-2;0
25;1;26220;0;-1;-1;0
25;1;26695;4;-1;1;0
25;1;26800;3;-1;2;0
25;1;27550;0;-1;1;0
25;0;30300;0;-1;2;0
25;1;30590;0;-1;-1;0
25;0;33990;1;-1;-2;0
25;0;34485;0;-1;1;0
25;0;42130;1;-1;-2;0
26;1;17670;0;-1;1;0
26;1;20800;0;-1;2;0
26;0;22230;0;-1;1;0
26;1;23700;2;-1;2;0
26;1;27265;3;-1;-1;0
26;1;29150;1;-1;-2;0
26;0;29355;2;-1;-1;0
26;0;29480;1;-1;-2;0
26;0;29920;1;-1;-2;0
26;1;30000;1;-1;2;0
26;1;30875;2;-1;1;0
26;1;32490;1;-1;-1;0
26;1;33915;1;-1;1;0
26;1;35420;0;-1;-2;0
26;0;40185;0;-1;1;0
26;1;46530;1;-1;-2;0
27;1;18905;3;-1;-1;0
27;1;23100;0;-1;-2;0
27;0;23210;1;-1;-2;0
27;0;25175;0;-1;-1;0
27;1;26030;0;-1;-1;0
27;1;30500;0;-1;2;0
27;0;31255;1;-1;1;0
27;1;32670;0;-1;-2;0
27;1;33155;2;-1;1;0
27;0;34800;1;-1;2;0
27;1;45900;2;-1;2;0
28;1;22515;2;-1;-1;0
28;1;23800;2;-1;2;0
28;0;25800;0;-1;2;0
28;0;25935;1;-1;1;0
28;1;26980;2;-1;-1;0
28;0;28880;1;-1;-1;0
28;1;30875;0;-1;1;0
28;0;33000;2;-1;-2;0
28;0;33110;0;-1;-2;0
28;0;33400;0;-1;2;0
28;1;35435;0;-1;-1;0
28;1;37100;1;-1;2;0
28;1;38060;0;-1;-2;0
29;0;20235;2;-1;1;0
29;0;25900;0;-1;2;0
29;0;26030;0;-1;1;0
29;1;27940;0;-1;-2;0
29;1;28975;1;-1;-1;0
29;0;31160;0;-1;-1;0
29;1;31730;2;-1;1;0
29;1;32110;2;-1;1;0
29;0;35530;0;-1;-2;0
29;1;38940;1;-1;-2;0
30;0;21945;1;-1;-1;0
30;1;24130;1;-1;1;0
30;1;25460;0;-1;-1;0
30;0;27700;0;-1;2;0
30;0;27930;0;-1;-1;0
30;1;31400;1;-1;2;0
30;1;31570;3;-1;-2;0
30;0;33330;1;-1;-2;0
30;0;43120;2;-1;-2;0
31;1;20400;0;-1;2;0
31;0;21755;0;-1;1;0
31;0;23600;2;-1;2;0
31;0;25740;0;-1;-2;0
31;0;25800;2;-1;2;0
31;0;26620;0;-1;-2;0
31;1;26885;1;-1;-1;0
31;0;29100;0;-1;2;0
31;0;29260;1;-1;-2;0
31;0;31065;0;-1;-1;0
31;0;32680;1;-1;1;0
31;0;36630;2;-1;-2;0
31;1;38390;2;-1;-2;0
31;1;39490;1;-1;-2;0
32;1;27835;1;-1;1;0
32;1;28880;0;-1;1;0
32;0;29590;1;-1;-2;0
32;0;29735;0;-1;1;0
32;1;31500;1;-1;2;0
32;1;33820;1;-1;1;0
32;1;37180;2;-1;-2;0
32;1;37335;1;-1;-1;0
32;0;44220;0;-1;-2;0
32;1;46530;2;-1;-2;0
33;0;18500;1;-1;2;0
33;0;24310;0;-1;-2;0
33;0;26695;0;-1;1;0
33;1;30250;0;-1;-2;0
33;1;35750;2;-1;-2;0
33;0;39820;1;-1;-2;0
34;1;21375;0;-1;-1;0
34;0;23560;0;-1;-1;0
34;0;27720;0;-1;-2;0
34;1;34210;0;-1;-2;0
34;1;35815;0;-1;1;0
34;1;42900;1;-1;2;0
35;1;27610;1;-1;-2;0
35;1;30500;1;-1;2;0
36;0;26200;0;-1;2;0
36;1;29700;0;-1;-2;0
36;0;29920;0;-1;-2;0
36;1;31500;0;-1;2;0
37;1;30800;0;-1;2;0
18;0;29165;0;-1;-1;1
25;1;23900;5;-1;2;1
28;1;24300;5;-1;2;1
29;1;22515;3;-1;-1;1
29;0;25600;4;-1;2;1
30;0;19950;3;-1;1;1
30;0;30900;3;-1;2;1
31;1;27645;2;-1;-1;1
31;1;28500;5;-1;-1;1
31;1;31065;3;-1;1;1
31;0;32775;2;-1;1;1
32;1;30800;3;-1;2;1
32;0;31540;1;-1;-1;1
32;0;37145;3;-1;-1;1
33;0;22135;1;-1;-1;1
33;1;27455;2;-1;1;1
33;1;29400;4;-1;2;1
33;1;33440;5;-1;-2;1
33;0;36290;3;-1;-1;1
33;1;42400;5;-1;2;1
33;0;42940;3;-1;1;1
34;0;26410;1;-1;1;1
34;0;26730;1;-1;-2;1
34;0;29260;3;-1;-2;1
34;0;33250;1;-1;-1;1
34;0;37335;2;-1;1;1
34;0;38000;3;-1;2;1
35;1;17860;1;-1;1;1
35;0;23465;2;-1;-1;1
35;0;26125;0;-1;-1;1
35;0;27700;3;-1;2;1
35;0;31000;1;-1;2;1
35;0;34210;1;-1;-2;1
35;1;34770;2;-1;1;1
35;0;34800;1;-1;2;1
35;0;35860;2;-1;-2;1
35;0;43340;2;-1;-2;1
36;0;22135;3;-1;-1;1
36;0;25840;0;-1;1;1
36;0;26885;0;-1;1;1
36;1;27550;3;-1;-1;1
36;1;28595;3;-1;1;1
36;1;28880;3;-1;-1;1
36;0;29920;1;-1;-2;1
36;0;30020;0;-1;1;1
36;1;33820;1;-1;1;1
36;1;34430;2;-1;-2;1
37;1;22705;3;-1;-1;1
37;0;23370;2;-1;1;1
37;0;27740;3;-1;1;1
37;1;28025;2;-1;1;1
37;1;29640;0;-1;1;1
37;1;29830;2;-1;-1;1
37;1;30875;3;-1;1;1
37;0;34105;1;-1;1;1
38;1;16815;2;-1;-1;1
38;0;19475;2;-1;1;1
38;1;19950;1;-1;1;1
38;1;21120;3;-1;-2;1
38;0;27600;0;-1;2;1
38;0;27835;2;-1;-1;1
38;0;28000;3;-1;2;1
38;1;28025;1;-1;-1;1
38;0;28930;1;-1;-2;1
38;1;29260;2;-1;1;1
38;0;30690;1;-1;-2;1
38;1;31000;1;-1;2;1
38;0;34800;2;-1;2;1
38;1;37050;1;-1;-1;1
38;0;40150;0;-1;-2;1
38;0;40565;1;-1;1;1
39;0;22800;3;-1;-1;1
39;0;23275;3;-1;-1;1
39;0;24225;5;-1;1;1
39;1;24510;2;-1;1;1
39;0;26315;2;-1;1;1
39;1;29600;4;-1;2;1
39;1;32340;2;-1;-2;1
39;0;32500;1;-1;2;1
39;0;34100;3;-1;2;1
39;0;34320;5;-1;-2;1
39;1;42655;0;-1;-1;1
39;1;45430;2;-1;-2;1
40;0;23370;3;-1;-1;1
40;1;24970;2;-1;-2;1
40;0;25460;1;-1;-1;1
40;1;26315;1;-1;1;1
40;0;28690;3;-1;1;1
40;1;29355;1;-1;1;1
40;0;29810;1;-1;-2;1
40;1;29900;2;-1;2;1
40;1;32300;2;-1;1;1
40;0;33000;3;-1;-2;1
40;1;35300;3;-1;2;1
40;0;36190;0;-1;-2;1
40;1;41690;0;-1;-2;1
41;1;21780;1;-1;-2;1
41;0;28050;1;-1;-2;1
41;0;28310;1;-1;1;1
41;1;28800;1;-1;2;1
41;1;29640;5;-1;-1;1
41;0;31020;0;-1;-2;1
41;0;31600;0;-1;2;1
41;0;32200;1;-1;2;1
41;1;32200;2;-1;2;1
41;0;32965;0;-1;1;1
41;0;33060;2;-1;1;1
41;1;33550;0;-1;-2;1
41;1;34200;2;-1;1;1
41;0;36080;1;-1;-2;1
41;1;37050;2;-1;1;1
41;1;40260;0;-1;-2;1
42;1;24860;0;-1;-2;1
42;0;25300;1;-1;2;1
42;1;26125;2;-1;-1;1
42;1;26315;1;-1;1;1
42;1;26900;0;-1;2;1
42;0;29480;2;-1;-2;1
42;1;31255;0;-1;1;1
42;0;33155;1;-1;-1;1
42;1;34100;0;-1;2;1
42;1;35970;2;-1;-2;1
42;0;36195;1;-1;1;1
42;0;37900;0;-1;2;1
42;0;41325;1;-1;-1;1
43;0;25080;0;-1;-1;1
43;1;26030;0;-1;-1;1
43;0;29900;1;-1;2;1
43;1;30100;1;-1;2;1
43;0;30685;2;-1;1;1
43;1;32600;2;-1;2;1
43;0;34580;1;-1;1;1
43;0;35640;1;-1;-2;1
44;1;22135;2;-1;-1;1
44;0;23980;2;-1;-2;1
44;1;25365;1;-1;1;1
44;0;25800;1;-1;2;1
44;1;27400;2;-1;2;1
44;0;27500;1;-1;2;1
44;0;29810;2;-1;-2;1
44;1;30690;2;-1;-2;1
44;0;32340;1;-1;-2;1
44;1;34320;1;-1;-2;1
44;1;37100;2;-1;2;1
44;1;38060;1;-1;-2;1
45;1;20350;3;-1;-2;1
45;1;21375;0;-1;1;1
45;1;24035;2;-1;-1;1
45;1;24310;5;-1;-2;1
45;0;25700;3;-1;2;1
45;1;27500;3;-1;2;1
45;0;28600;2;-1;-2;1
45;1;28700;2;-1;2;1
45;1;30495;2;-1;1;1
45;0;30900;2;-1;2;1
45;1;33700;1;-1;2;1
45;0;35300;0;-1;2;1
45;0;36300;2;-1;-2;1
45;0;38285;0;-1;-1;1
45;0;39995;3;-1;-1;1
46;1;19855;0;-1;1;1
46;1;22300;0;-1;2;1
46;1;24795;3;-1;-1;1
46;1;26620;1;-1;-2;1
46;0;27720;1;-1;-2;1
46;0;28050;1;-1;-2;1
46;0;28900;2;-1;2;1
46;0;30800;3;-1;2;1
46;0;32300;2;-1;-1;1
46;0;33440;1;-1;-2;1
46;1;33440;1;-1;-1;1
46;1;38170;2;-1;-2;1
46;1;39425;1;-1;-1;1
46;1;43890;3;-1;-2;1
46;0;48070;2;-1;-1;1
47;1;19570;1;-1;1;1
47;0;23600;1;-1;2;1
47;1;25460;2;-1;-1;1
47;0;26600;2;-1;-1;1
47;0;29545;1;-1;1;1
47;1;29830;3;-1;1;1
47;1;32300;1;-1;2;1
47;0;36000;1;-1;2;1
47;0;45320;1;-1;-2;1
47;1;47520;1;-1;-2;1
48;0;27265;1;-1;-1;1
48;0;27360;1;-1;-1;1
48;0;28900;0;-1;2;1
48;1;29700;0;-1;-2;1
48;0;31130;0;-1;-2;1
48;1;31445;1;-1;-1;1
48;1;32300;1;-1;1;1
48;0;33330;0;-1;-2;1
48;0;36575;0;-1;1;1
48;1;37290;2;-1;-2;1
49;0;21300;1;-1;2;1
49;1;22515;0;-1;-1;1
49;1;25840;1;-1;-1;1
49;0;27170;0;-1;-2;1
49;1;29830;1;-1;-1;1
49;0;29925;0;-1;1;1
49;0;30780;1;-1;-1;1
49;1;31350;1;-1;-1;1
49;1;35860;0;-1;-2;1
49;1;36850;0;-1;-2;1
49;0;42680;2;-1;-2;1
50;1;25300;0;-1;-2;1
50;1;26410;0;-1;1;1
50;1;26600;0;-1;2;1
50;0;30115;1;-1;1;1
50;1;32205;0;-1;1;1
50;1;36200;0;-1;2;1
50;1;37070;1;-1;-2;1
50;1;44770;1;-1;-2;1
50;0;46090;1;-1;-2;1
51;0;20600;0;-1;2;1
51;0;21560;1;-1;-2;1
51;1;25400;0;-1;2;1
51;0;25800;1;-1;2;1
51;1;30030;1;-1;-2;1
51;1;31635;0;-1;1;1
51;0;33915;0;-1;-1;1
51;0;34100;0;-1;-2;1
51;0;34200;1;-1;2;1
51;1;35970;1;-1;-2;1
51;1;37000;0;-1;2;1
51;0;37730;1;-1;-2;1
51;0;39500;1;-1;2;1
51;1;39700;1;-1;2;1
52;0;18335;0;-1;1;1
52;1;30200;1;-1;2;1
52;1;33250;0;-1;-1;1
52;1;34100;0;-1;-2;1
52;0;37400;0;-1;2;1
52;1;47740;1;-1;-2;1
53;1;28880;0;-1;1;1
53;1;29480;0;-1;-2;1
54;1;31600;0;-1;2;1
18;1;17290;2;1;-1;2
18;1;21565;0;1;-1;2
18;0;21660;0;1;-1;2
18;1;21780;2;-1;-2;2
18;1;28310;1;-1;-1;2
18;0;33880;0;-1;-2;2
18;0;38280;0;-1;-2;2
19;0;21700;0;1;2;2
20;0;22420;0;1;1;2
23;0;23180;2;-1;1;2
23;0;28000;0;-1;2;2
23;0;33400;0;-1;2;2
24;0;20520;0;1;-1;2
24;1;26790;1;-1;1;2
26;0;17195;2;1;-1;2
33;1;42460;1;-1;-2;2
34;1;27000;2;-1;2;2
34;1;32800;1;-1;2;2
41;0;21755;1;-1;-1;2
43;1;25520;5;-1;-2;2
44;0;36480;0;-1;-1;2
46;1;25800;5;-1;2;2
47;1;28215;4;-1;-1;2
48;0;27930;4;-1;1;2
48;1;30780;3;-1;-1;2
48;1;35625;4;-1;-1;2
48;0;41230;4;-1;1;2
49;1;28690;3;-1;1;2
49;0;31900;5;-1;2;2
49;0;33345;2;-1;-1;2
49;0;36630;3;-1;-2;2
50;0;23540;2;-1;-2;2
50;0;26220;2;-1;1;2
50;0;28120;3;-1;1;2
50;0;28160;3;-1;-2;2
50;0;31600;2;-1;2;2
50;0;33700;4;-1;2;2
51;1;33330;3;-1;-2;2
51;0;36385;3;-1;1;2
52;0;23180;0;-1;-1;2
52;0;30780;1;-1;-1;2
52;1;32205;3;-1;-1;2
52;1;32775;3;-1;1;2
52;0;38380;2;-1;-1;2
52;1;38600;2;-1;2;2
52;0;46750;5;-1;-2;2
53;1;21400;1;-1;2;2
53;0;24795;1;-1;1;2
53;1;26410;2;-1;-1;2
53;0;26700;2;-1;2;2
53;0;28100;3;-1;2;2
53;1;30495;0;-1;-1;2
53;1;31160;1;-1;1;2
53;0;35900;2;-1;2;2
53;1;36100;1;-1;2;2
53;0;37430;1;-1;1;2
53;0;39600;1;-1;-2;2
54;0;21470;3;-1;1;2
54;0;23000;3;-1;2;2
54;0;24605;3;-1;1;2
54;0;27645;1;-1;1;2
54;1;29200;1;-1;2;2
54;1;30210;0;-1;1;2
54;0;31240;0;-1;-2;2
54;0;31900;1;-1;-2;2
54;0;32680;0;-1;-1;2
54;1;32775;0;-1;-1;2
54;0;35815;3;-1;1;2
54;1;39600;1;-1;2;2
55;1;21500;1;-1;2;2
55;0;25365;3;-1;-1;2
55;1;27645;0;-1;1;2
55;1;28975;0;-1;-1;2
55;0;29830;0;-1;-1;2
55;1;29900;0;-1;2;2
55;0;30500;0;-1;2;2
55;0;32395;1;-1;-1;2
55;1;32775;0;-1;1;2
55;0;32775;2;-1;1;2
55;1;33880;3;-1;-2;2
55;1;35245;1;-1;-1;2
55;1;38280;0;-1;-2;2
55;0;40810;3;-1;-2;2
56;0;25300;0;-1;2;2
56;0;25650;0;-1;1;2
56;0;26600;1;-1;1;2
56;0;27200;0;-1;2;2
56;0;28595;0;-1;-1;2
56;0;28785;0;-1;-1;2
56;0;32300;3;-1;-1;2
56;1;33660;4;-1;-2;2
56;0;33820;2;-1;1;2
56;1;34430;0;-1;-2;2
56;1;36100;3;-1;2;2
56;0;37510;2;-1;-2;2
56;1;39600;0;-1;2;2
56;0;39820;0;-1;-2;2
56;1;40300;0;-1;2;2
57;1;18335;0;-1;-1;2
57;0;20100;1;-1;2;2
57;0;23180;0;-1;1;2
57;1;23700;0;-1;2;2
57;1;27940;1;-1;-2;2
57;1;28100;0;-1;2;2
57;0;28785;4;-1;-1;2
57;0;30495;0;-1;1;2
57;0;31825;0;-1;1;2
57;1;33630;1;-1;1;2
57;0;34295;2;-1;-1;2
57;0;38000;2;-1;2;2
57;1;40945;0;-1;-1;2
57;1;43700;1;-1;2;2
58;1;23300;0;-1;2;2
58;1;25175;0;-1;-1;2
58;0;27170;0;-1;1;2
58;0;28215;0;-1;1;2
58;0;29000;0;-1;2;2
58;1;30305;0;-1;-1;2
58;1;32010;1;-1;-2;2
58;0;32395;1;-1;-1;2
58;0;33100;0;-1;2;2
58;0;33440;0;-1;1;2
58;1;34865;0;-1;-1;2
58;1;35700;0;-1;2;2
58;0;36480;0;-1;1;2
58;1;38000;0;-1;2;2
58;1;49060;0;-1;-2;2
59;1;24700;0;-1;-1;2
59;1;25460;0;-1;1;2
59;1;26400;0;-1;-2;2
59;0;26695;3;-1;1;2
59;0;27500;0;-1;2;2
59;0;27720;3;-1;-2;2
59;0;27830;3;-1;-2;2
59;1;29700;2;-1;-2;2
59;0;31350;0;-1;1;2
59;0;32100;3;-1;2;2
59;0;32395;3;-1;-1;2
59;1;37100;1;-1;2;2
60;0;18335;0;-1;-1;2
60;1;24320;0;-1;1;2
60;1;24320;1;-1;1;2
60;1;25740;0;-1;-2;2
60;0;27550;0;-1;-1;2
60;1;28900;0;-1;2;2
60;1;29640;0;-1;-1;2
60;1;33110;3;-1;-2;2
60;0;35100;0;-1;2;2
60;1;36955;0;-1;-1;2
60;0;38060;0;-1;-2;2
61;0;22040;0;-1;-1;2
61;1;23655;0;-1;-1;2
61;0;31160;0;-1;1;2
61;1;31570;0;-1;-2;2
61;1;33535;0;-1;-1;2
61;1;33915;0;-1;-1;2
61;1;38380;0;-1;1;2
61;0;39100;2;-1;2;2
61;0;44000;0;-1;2;2
62;1;21400;0;-1;2;2
62;1;27550;1;-1;1;2
62;0;29920;0;-1;-2;2
62;0;31730;0;-1;-1;2
62;1;32110;0;-1;-1;2
62;0;33200;0;-1;2;2
62;1;37400;0;-1;2;2
62;0;39160;0;-1;-2;2
62;0;39200;0;-1;2;2
63;0;21660;0;-1;-1;2
63;1;21660;1;-1;1;2
63;0;25080;0;-1;1;2
63;0;26220;0;-1;1;2
63;1;30800;0;-1;2;2
63;1;31445;0;-1;-1;2
63;1;33100;0;-1;2;2
63;0;35200;1;-1;-2;2
63;1;36765;0;-1;-1;2
63;0;36850;0;-1;-2;2
64;1;25600;2;-1;2;2
64;1;26410;0;-1;-1;2
64;1;34500;0;-1;2;2
64;0;35970;0;-1;-2;2
64;1;38190;0;-1;-1;2
64;1;39160;1;-1;-2;2
64;0;39700;0;-1;2;2
64;1;40480;0;-1;-2;2
18;0;27280;3;1;-2;3
18;1;27360;1;1;-1;3
18;0;30115;0;-1;-1;3
19;1;26030;1;1;1;3
19;1;27265;2;-1;1;3
19;0;27900;0;1;2;3
19;0;27930;3;-1;1;3
19;0;28310;0;1;1;3
19;0;28880;0;1;1;3
19;0;30590;2;-1;1;3
19;1;33100;0;-1;2;3
20;0;26840;1;1;-2;3
20;1;27300;0;1;2;3
21;0;21850;1;1;-1;3
21;1;25700;4;1;2;3
21;1;31020;0;-1;-2;3
23;1;18715;0;-1;1;3
23;0;24225;2;-1;-1;3
23;0;28490;1;1;-2;3
24;0;27600;0;-1;2;3
24;1;29830;0;1;-1;3
24;1;33630;4;-1;-1;3
25;1;24130;0;1;1;3
25;1;29700;3;1;2;3
25;0;32230;1;-1;-2;3
25;0;41325;0;-1;-1;3
26;1;27060;0;1;-2;3
26;0;29640;4;-1;-1;3
27;0;20045;3;1;1;3
27;0;24750;0;1;-2;3
27;1;29150;0;1;-2;3
27;0;30400;3;-1;1;3
27;0;30590;1;-1;-1;3
27;0;32395;1;-1;-1;3
28;1;23980;3;1;-2;3
28;0;24320;1;-1;-1;3
28;0;27500;2;-1;2;3
28;1;33820;0;-1;1;3
29;0;21850;0;1;-1;3
29;1;22895;0;1;-1;3
29;1;29640;1;-1;-1;3
29;1;29735;2;-1;1;3
30;1;22990;2;1;1;3
30;0;23655;3;1;1;3
30;0;28380;1;1;-2;3
30;1;28690;3;1;1;3
30;1;38830;1;-1;-2;3
31;1;25900;3;1;2;3
31;1;29810;0;1;-2;3
32;0;23650;1;-1;-2;3
32;0;24600;0;1;2;3
32;1;28120;4;1;1;3
33;0;19095;2;1;-1;3
33;1;22705;0;-1;1;3
33;1;27100;1;1;2;3
34;1;25300;2;1;-2;3
35;1;24420;3;1;-2;3
35;1;27740;2;1;-1;3
35;0;38095;2;-1;-1;3
35;1;39710;4;-1;-1;3
36;1;28025;1;1;-1;3
37;0;25555;1;1;-1;3
37;1;29800;0;-1;2;3
37;1;36190;0;-1;-2;3
39;0;18300;5;1;2;3
39;0;24890;3;1;-1;3
39;1;28300;1;1;2;3
39;1;29925;1;1;-1;3
39;1;34100;2;-1;-2;3
40;1;19800;1;1;-2;3
40;0;22220;2;1;-2;3
40;0;29300;4;-1;2;3
42;0;23370;0;1;-1;3
42;1;24640;0;1;-2;3
42;0;26600;0;1;1;3
43;0;20045;2;1;-1;3
43;1;20130;2;1;-2;3
43;0;25270;1;1;-1;3
43;0;26700;2;1;2;3
43;1;35310;2;-1;-2;3
43;0;35720;2;-1;-1;3
45;1;22895;2;1;1;3
45;0;31790;0;-1;-2;3
46;1;27600;0;-1;2;3
47;1;25410;1;1;-2;3
47;0;27645;2;1;1;3
47;0;27830;0;1;-2;3
47;0;33345;0;-1;-1;3
48;1;24420;0;1;-2;3
48;1;28000;1;1;2;3
48;1;29600;0;-1;2;3
49;1;25600;2;1;2;3
49;1;25840;2;1;1;3
50;0;27830;3;-1;-2;3
51;1;23210;1;1;-2;3
52;0;24130;1;1;1;3
52;1;24320;3;1;-1;3
52;1;27360;0;1;1;3
52;0;30875;0;-1;-1;3
53;0;22610;3;1;-1;3
53;0;22880;1;1;-2;3
53;0;38060;3;-1;-2;3
54;1;30020;0;-1;1;3
55;1;33000;0;-1;-2;3
56;1;19950;0;1;-1;3
57;0;23980;1;-1;-2;3
57;1;40280;0;-1;-1;3
58;0;41910;0;-1;-2;3
59;1;37400;0;-1;2;3
62;0;30495;2;-1;1;3
62;0;32965;3;-1;1;3
62;0;38095;2;-1;-1;3
63;1;33660;3;-1;-2;3
63;1;39800;3;-1;2;3
64;0;30115;3;-1;1;3
64;0;31825;2;-1;-1;3
18;1;31680;2;1;-2;4
18;1;31730;0;1;-1;4
19;0;30020;0;1;1;4
19;1;30250;0;1;-2;4
19;0;33110;0;1;-2;4
19;1;34800;0;1;2;4
20;0;24420;0;1;-2;4
20;1;30685;0;1;-1;4
20;1;35310;1;-1;-2;4
21;0;32680;2;-1;1;4
22;0;30400;0;1;1;4
23;0;31400;0;1;2;4
24;0;23210;0;-1;-2;4
24;1;31065;0;1;-1;4
25;0;30200;0;1;2;4
27;1;31130;1;1;-2;4
27;0;31400;0;1;2;4
28;1;31680;0;1;-2;4
32;0;17765;2;1;1;4
40;0;41420;1;-1;1;4
42;1;28310;3;1;1;4
44;1;29735;2;-1;-1;4
45;0;27645;1;-1;1;4
47;0;24100;1;-1;2;4
48;0;35910;1;-1;-1;4
48;1;36670;1;-1;1;4
49;0;27100;1;-1;2;4
50;1;25365;2;-1;1;4
50;0;27360;0;-1;-1;4
52;0;24860;0;-1;-2;4
52;1;26400;3;-1;-2;4
52;1;36765;2;-1;1;4
52;0;37525;2;-1;1;4
53;1;31350;0;-1;-2;4
54;1;25100;3;1;2;4
54;1;25460;1;-1;-1;4
54;0;31900;3;-1;-2;4
55;1;37715;3;-1;1;4
56;1;26695;1;1;1;4
57;0;29810;0;1;-2;4
59;0;23655;0;1;1;4
59;1;29830;3;1;-1;4
59;0;36520;1;-1;-2;4
60;0;25840;0;-1;1;4
61;1;28310;1;1;1;4
61;0;29070;0;1;1;4
61;0;29920;3;1;-2;4
61;1;36100;3;-1;2;4
62;0;26290;0;1;-2;4
62;1;31460;1;-1;-2;4
62;0;36860;1;-1;-1;4
63;0;27740;0;1;-1;4
64;0;22990;0;1;-2;4
64;1;24700;1;-1;1;4
64;0;26885;0;1;1;4
18;1;38170;0;1;-2;5
18;0;42240;0;1;-2;5
19;0;32490;0;1;1;5
19;0;34700;2;1;2;5
19;1;36955;0;1;1;5
20;1;35625;3;1;1;5
20;1;39400;2;1;2;5
22;1;35600;0;1;2;5
22;1;37070;2;1;-2;5
22;1;52580;1;1;-2;5
23;1;31730;3;1;-1;5
23;0;36670;2;1;-1;5
23;0;42750;1;1;-1;5
24;1;28500;0;1;-1;5
24;1;40150;0;1;-2;5
25;1;33330;2;1;-2;5
26;1;32900;2;1;2;5
27;0;36080;0;1;-2;5
29;1;34400;0;1;2;5
29;1;35500;2;1;2;5
30;1;35530;0;1;-2;5
30;1;37800;2;1;2;5
31;1;34390;3;1;1;5
31;1;36300;2;1;2;5
33;0;33500;0;1;2;5
33;1;35750;1;1;-2;5
34;0;30210;1;1;1;5
34;1;30800;0;1;2;5
34;0;31920;1;1;-1;5
35;1;36670;1;1;-1;5
36;1;33400;2;1;2;5
36;1;35200;1;1;-2;5
36;1;41895;3;1;-1;5
37;1;34100;4;1;2;5
37;1;34200;1;1;-1;5
37;1;37070;1;1;-2;5
37;0;38390;0;1;-2;5
38;1;38390;3;1;-2;5
39;1;35300;2;1;2;5
40;0;32775;2;1;1;5
41;1;30780;3;1;-1;5
42;1;26070;1;1;-2;5
42;0;40370;2;1;-2;5
43;1;27800;0;1;2;5
43;0;32560;3;1;-2;5
43;1;34960;1;1;-1;5
43;1;38060;2;1;-2;5
43;0;46200;0;1;-2;5
44;1;30200;2;1;2;5
44;1;31350;1;1;-1;5
44;0;38060;0;1;-2;5
44;0;43890;2;1;-2;5
45;1;22895;0;1;-1;5
45;0;30495;1;1;1;5
45;1;36480;2;1;1;5
46;1;30495;3;1;1;5
46;0;35530;0;1;-1;5
46;1;42350;3;1;-2;5
47;1;36190;0;1;-2;5
47;0;36630;1;1;-2;5
48;0;33110;0;1;-2;5
48;1;40565;2;1;1;5
49;1;30900;0;1;2;5
50;1;31825;0;1;-1;5
50;1;32300;1;1;-1;5
51;0;34960;2;1;-1;5
51;0;37050;3;1;-1;5
51;1;42900;2;1;-2;5
52;1;41800;2;1;-2;5
53;0;36860;3;1;1;5
54;1;30800;1;1;-2;5
54;1;40565;3;1;-1;5
55;0;26800;1;-1;2;5
55;0;35200;0;1;-2;5
56;1;31790;2;1;-2;5
57;0;31160;0;1;1;5
57;1;42130;1;1;-2;5
59;0;34800;2;-1;2;5
59;0;36765;1;1;-1;5
60;1;31350;3;1;1;5
60;0;32450;0;1;-2;5
60;1;40920;0;1;-2;5
61;0;33330;4;-1;-2;5
61;1;36300;1;1;2;5
61;0;36385;1;1;-1;5
62;1;32015;0;1;-1;5
63;0;32200;2;1;2;5
63;0;37700;0;1;2;5
64;0;31300;2;1;2;5
64;1;33880;0;1;-2;5
64;1;36960;2;1;-2;5
28;1;36400;1;1;2;6
31;0;38095;1;1;-1;6
33;0;35530;0;1;1;6
52;1;34485;3;1;1;6
54;0;47410;0;1;-2;6
60;1;32800;0;1;2;6